test_loss: 1.5269306076049804, 0.5302, 0.8244
test_loss: 1.5469534973144532, 0.5199, 0.8164
test_loss: 1.5257227752685547, 0.5216, 0.8261
test_loss: 1.52963885345459, 0.5196, 0.8188
test_loss: 1.5365293975830079, 0.5216, 0.827
test_loss: 1.547143746948242, 0.512, 0.8081
test_loss: 1.5389624618530273, 0.5074, 0.814
test_loss: 1.549418766784668, 0.5035, 0.8152
test_loss: 1.5726866500854493, 0.5036, 0.8119
test_loss: 1.4991266021728515, 0.5264, 0.8332
test_loss: 1.5005401641845704, 0.5228, 0.8317
test_loss: 1.5008135955810546, 0.523, 0.8377
test_loss: 1.5064486267089843, 0.5277, 0.8316
test_loss: 1.4977089431762696, 0.5264, 0.8345
test_loss: 1.512513264465332, 0.5184, 0.8213
test_loss: 1.5229383682250976, 0.5279, 0.8315
test_loss: 1.5083356231689453, 0.5254, 0.8329
test_loss: 1.5128903381347656, 0.5213, 0.8335
test_loss: 1.5291030822753906, 0.5202, 0.8116
test_loss: 1.477108673095703, 0.5301, 0.8412
test_loss: 1.4705484573364258, 0.5334, 0.8433
test_loss: 1.535244581604004, 0.524, 0.8267
test_loss: 1.4768629165649414, 0.5307, 0.838
test_loss: 1.4783369415283203, 0.5295, 0.8431
test_loss: 1.4768692611694336, 0.5307, 0.8404
test_loss: 1.5395340637207031, 0.5179, 0.808
test_loss: 1.4821696975708007, 0.5242, 0.8414
test_loss: 1.4846065963745116, 0.5232, 0.8393
test_loss: 1.4769241348266602, 0.5241, 0.8401
test_loss: 1.490600784301758, 0.5225, 0.8381
test_loss: 1.4782395782470703, 0.5226, 0.8417
test_loss: 1.4676529647827148, 0.527, 0.8477
test_loss: 1.6315247344970703, 0.5004, 0.7804
test_loss: 1.6362261154174804, 0.4972, 0.7924
test_loss: 1.5979926513671876, 0.5047, 0.7933
test_loss: 1.6107156585693359, 0.5174, 0.7911
test_loss: 1.6061126541137696, 0.5091, 0.8015
test_loss: 1.6159608657836915, 0.4924, 0.7837
test_loss: 1.6036349380493164, 0.5001, 0.7864
test_loss: 1.607085238647461, 0.5031, 0.7931
test_loss: 1.6282086227416992, 0.4987, 0.7825
test_loss: 1.6194981094360352, 0.5075, 0.7948
test_loss: 1.6016644714355468, 0.507, 0.7899
test_loss: 1.6182662414550781, 0.5045, 0.795
test_loss: 1.5523696258544921, 0.531, 0.8091
test_loss: 1.676823944091797, 0.5076, 0.7751
